47 50 68 73 85
35 63 64 70 79
55 58 63 94 99
8 23 59 63 97
2 24 25 99 100
26 58 85 87 99
23 51 53 68 86
2 9 39 50 62
9 16 36 93 95
21 48 62 82 92
35 36 61 84 86
8 32 49 53 68
1 35 36 42 66
37 41 55 79 82
11 18 75 86 87
14 31 74 92 94
3 39 40 61 66
53 62 64 80 87
1 3 16 28 94
11 58 66 72 85
8 38 41 64 73
25 55 78 81 85
36 56 66 70 79
10 26 29 67 80
12 53 74 86 100
14 23 26 28 65
11 13 14 33 43
8 35 56 85 86
14 24 53 74 86
45 59 75 78 84
2 9 22 71 77
2 10 13 47 86
10 14 44 76 100
4 10 16 76 88
14 32 36 48 99
34 42 59 72 86
6 30 46 74 91
5 12 43 55 100
31 34 35 37 92
14 27 32 40 42
8 21 46 57 96
11 43 47 74 97
7 9 53 57 81
33 50 59 77 82
28 43 60 87 98
46 53 54 72 76
5 42 53 70 80
20 25 35 58 70
1 33 44 59 67
7 23 60 62 63
3 6 13 87 95
3 52 66 90 98
18 30 65 84 86
14 39 46 61 78
32 37 66 78 96
13 62 75 78 80
7 26 54 73 93
3 15 39 49 93
8 35 76 83 88
15 20 25 30 92
24 30 69 73 92
22 49 65 89 93
39 52 85 95 97
12 14 29 45 59
7 50 73 82 97
20 46 52 60 81
5 25 82 88 95
56 64 65 70 92
24 28 45 70 87
10 26 40 58 95
19 52 69 82 92
1 4 30 74 97
3 16 31 61 74
6 11 55 79 82
32 42 60 77 92
5 42 55 65 76
3 16 55 63 91
5 17 31 46 76
2 17 25 36 49
3 8 35 84 89
14 50 68 70 81
22 43 62 74 93
3 14 20 34 70
33 50 56 59 98
1 33 88 89 91
31 32 43 62 99
2 5 16 39 78
2 17 50 54 73
6 30 42 44 53
12 39 58 60 70
34 38 53 62 76
7 60 75 86 98
38 56 74 79 94
7 36 44 56 64
10 40 58 70 91
13 28 50 58 63
5 42 66 70 76
18 20 24 55 68
51 54 61 75 87
10 31 74 84 96
4 21 58 70 91
31 42 53 67 91
40 42 55 67 73
2 22 80 86 98
5 47 60 72 79
3 43 63 72 93
26 68 75 93 95
10 48 65 78 97
34 50 56 88 94
4 5 51 80 85
34 45 48 91 96
13 15 27 38 88
43 51 64 68 84
7 36 53 59 83
11 14 53 69 70
47 53 71 79 88
1 29 37 53 92
22 23 76 77 93
1 9 27 52 75
22 29 41 49 72
4 28 80 82 94
22 38 42 67 89
12 31 46 82 96
21 38 40 50 53
34 43 73 82 97
11 13 44 45 60
17 35 65 67 78
22 28 39 68 76
2 7 62 66 90
43 55 73 78 88
26 50 73 92 96
1 6 74 97 98
4 15 18 19 46
4 34 59 73 91
45 61 69 94 96
10 11 21 52 96
59 61 63 70 78
4 68 94 95 97
2 24 72 78 94
11 19 68 87 97
22 37 56 67 74
7 32 40 41 63
18 19 20 41 90
12 14 56 64 81
17 18 21 24 80
10 26 29 56 70
35 52 54 62 68
25 43 47 64 67
2 18 39 47 78
1 16 26 28 85
26 46 71 79 89
14 35 61 74 99
1 40 55 75 81
20 59 66 78 80
8 65 80 86 99
28 39 56 78 80
10 16 41 66 98
8 10 31 49 63
20 43 56 84 98
2 15 39 41 68
60 72 73 74 97
21 52 68 97 99
7 20 52 78 90
19 24 37 63 67
7 21 47 51 52
37 44 49 58 90
2 7 9 29 35
12 22 28 74 93
3 15 54 58 88
7 8 12 69 73
14 17 55 82 90
4 26 34 50 84
43 46 52 66 88
15 16 57 62 95
14 17 40 58 63
52 68 69 75 93
21 29 67 80 93
27 46 58 72 82
3 43 44 72 90
1 67 78 79 100
11 47 62 86 94
9 28 32 75 87
9 43 50 71 76
17 72 78 87 96
52 65 68 80 86
35 40 60 61 72
30 45 62 86 97
56 67 80 96 100
3 24 34 49 70
4 22 25 44 53
2 9 23 40 80
18 21 25 38 84
19 30 37 66 93
2 8 19 41 78
1 2 36 40 79
2 8 29 56 88
50 59 64 77 91
18 28 56 88 94
14 33 34 59 63
8 13 73 81 87
10 32 37 47 59
15 21 51 65 67
38 75 85 90 94
3 12 16 48 94
27 36 40 62 69
19 31 43 72 86
16 20 36 51 61
36 62 67 81 93
1 12 18 72 97
12 30 43 50 58
4 16 21 55 88
17 28 29 71 77
21 53 79 84 91
1 24 34 72 89
41 44 48 59 76
22 49 50 71 98
19 22 40 56 71
1 36 41 47 60
59 73 74 75 89
3 5 48 72 92
12 64 73 74 86
27 37 65 67 94
10 25 28 48 83
13 28 58 59 66
27 41 46 56 94
14 16 17 23 83
6 8 18 34 88
25 45 48 67 73
19 33 40 54 67
18 35 42 72 89
25 29 42 71 87
12 13 29 33 55
25 66 69 92 95
9 31 76 79 80
1 2 14 17 100
1 27 46 48 59
21 25 37 56 80
1 16 54 67 94
28 41 70 74 85
2 10 37 89 95
14 61 65 68 87
40 54 57 61 78
7 23 31 61 79
9 16 49 62 72
28 45 51 68 97
2 54 64 72 98
1 21 25 70 73
21 54 69 81 83
2 20 38 55 70
32 51 52 54 64
56 61 62 63 89
8 36 40 70 86
7 25 40 50 88
6 17 26 54 78
11 18 43 64 91
40 44 49 63 73
19 51 69 75 100
13 27 31 81 87
28 30 35 68 94
15 22 23 48 57
2 31 82 84 93
19 36 72 77 87
15 17 23 38 43
15 29 34 93 97
49 54 82 92 100
11 20 60 73 90
11 31 65 73 97
49 50 56 64 84
26 37 57 60 82
12 20 43 82 100
1 14 33 34 36
8 11 24 32 76
31 64 77 85 93
4 10 12 33 82
7 13 23 55 89
24 26 27 84 85
5 20 21 64 98
16 20 38 57 94
41 58 61 67 86
14 16 20 58 74
16 59 86 88 96
1 21 26 31 77
5 52 61 83 98
1 24 33 54 79
15 33 42 47 72
19 72 73 88 95
28 35 42 58 65
16 19 21 23 37
9 32 55 77 81
14 56 89 90 95
12 19 34 35 46
26 47 55 76 93
25 70 86 88 98
7 29 50 71 76
11 13 34 49 81
1 9 28 35 85
4 62 77 95 99
11 12 13 52 90
26 36 62 67 77
41 47 48 68 91
6 32 86 97 99
8 24 30 55 68
24 36 82 90 97
17 27 75 84 91
24 36 56 68 99
17 18 31 42 65
5 29 49 76 82
6 41 56 61 88
13 34 64 68 90
3 53 85 91 98
11 22 25 44 90
1 28 63 72 79
52 75 77 95 100
1 36 54 74 89
8 22 46 59 77
23 28 45 95 97
19 47 76 92 96
13 29 34 38 46
43 44 57 70 97
24 34 39 60 69
41 46 47 64 84
7 18 22 28 99
60 71 77 83 91
18 52 54 58 86
15 19 43 91 96
5 21 49 66 99
24 41 51 86 87
34 47 50 79 91
9 16 63 64 86
3 6 20 71 89
9 56 67 81 87
5 14 25 36 39
18 40 55 60 97
26 48 63 70 89
1 36 38 52 56
2 21 37 50 93
21 51 52 70 100
24 46 66 89 95
4 48 53 74 98
5 14 57 63 64
24 27 51 87 91
16 23 77 84 96
15 59 76 79 95
3 18 25 35 45
14 21 56 61 63
25 50 51 60 82
13 29 32 53 68
14 23 41 72 92
4 21 33 58 73
19 21 60 81 92
32 35 63 84 87
20 45 48 65 100
22 27 58 59 84
21 32 37 86 96
12 45 52 86 91
9 11 49 68 91
2 24 43 58 87
12 19 85 95 99
36 76 78 94 99
6 53 70 76 95
21 52 69 75 79
16 39 49 53 70
6 12 17 61 99
33 41 42 74 85
32 43 78 79 92
26 47 53 57 86
19 39 44 88 98
15 54 73 85 97
2 7 34 54 76
64 70 98 99 100
7 27 28 66 77
15 22 23 33 92
6 22 43 56 67
19 26 32 61 72
44 58 62 74 91
9 12 23 37 39
10 13 16 80 93
22 27 62 64 89
33 39 50 64 75
12 13 31 51 56
24 46 73 92 94
5 21 28 32 44
1 30 44 63 78
18 27 43 49 93
22 31 41 56 94
6 27 42 82 84
30 32 63 92 93
38 39 44 77 81
45 46 55 61 99
16 39 70 77 99
21 55 57 68 90
11 12 74 82 100
11 17 37 58 83
16 68 84 91 93
58 76 89 94 99
1 39 59 92 95
38 63 77 86 98
13 19 67 91 99
9 70 74 82 96
7 42 73 76 92
20 26 32 65 90
7 30 58 76 100
21 28 33 61 99
17 30 70 73 82
33 48 61 64 76
11 46 74 98 100
34 71 87 95 96
10 57 70 81 92
3 52 56 77 83
2 11 12 40 59
16 21 58 77 90
11 42 49 66 90
7 20 54 74 78
11 35 45 61 77
28 46 56 67 69
39 49 62 63 92
16 18 20 58 70
14 30 41 55 71
40 46 61 86 96
1 8 21 69 71
9 26 69 83 97
1 22 41 66 86
2 10 85 89 99
16 61 66 75 100
33 40 46 49 93
41 42 71 82 92
9 10 57 71 76
42 44 55 74 91
7 11 20 23 94
5 26 52 73 100
2 28 45 58 98
8 27 56 70 79
37 48 61 77 80
18 20 23 40 49
6 27 72 95 100
6 10 13 31 99
5 18 48 72 89
2 10 21 46 98
5 8 36 53 71
27 36 56 96 98
26 40 45 63 69
2 16 76 85 98
25 44 54 68 69
24 25 29 41 78
41 46 52 66 100
29 51 53 57 84
35 53 54 67 81
5 28 35 78 97
40 64 78 94 100
28 42 71 73 88
45 64 65 97 99
6 77 80 93 96
2 9 38 42 58
26 27 30 46 67
2 7 11 50 78
5 28 40 41 61
22 27 70 77 87
43 47 54 65 81
9 27 62 69 98
26 27 37 50 55
10 64 80 84 92
13 31 54 56 66
7 42 60 68 77
24 42 55 84 92
6 18 43 77 84
16 52 61 70 77
58 74 78 96 100
24 25 46 49 60
44 64 73 85 96
13 23 24 31 69
6 14 29 39 82
6 10 28 30 65
40 47 66 70 94
17 62 66 71 77
34 42 55 74 83
28 65 87 90 96
6 22 48 69 90
3 67 73 75 79
2 7 25 39 53
24 36 59 68 99
2 45 52 58 81
24 30 66 80 81
36 43 65 82 96
52 56 66 78 93
7 13 20 77 89
6 20 28 55 91
18 23 35 47 72
11 12 28 33 79
4 18 31 62 97
16 25 33 63 72
12 69 92 94 96
3 5 10 56 68
15 26 66 78 81
10 27 54 55 71
3 46 60 61 78
13 30 33 39 45
8 52 70 78 82
20 28 47 54 65
30 51 57 69 75
14 27 36 50 81
5 6 17 48 93
10 26 32 51 69
18 27 46 60 62
11 15 21 44 98
48 68 70 94 100
4 34 46 87 95
6 13 24 39 96
7 11 34 83 99
39 52 73 88 93
2 8 20 43 93
1 14 33 46 79
17 19 60 83 95
23 60 61 75 88
1 4 22 78 100
46 50 70 98 100
12 46 51 55 64
3 36 60 64 67
5 28 40 61 90
5 9 16 63 100
23 62 74 86 100
7 13 26 86 88
19 32 33 37 47
4 40 55 71 78
12 35 58 60 88
1 50 60 71 81
21 23 50 57 87
59 60 63 74 80
4 20 57 68 75
19 55 58 85 96
14 21 42 55 91
21 31 35 77 80
19 44 57 65 93
35 73 77 88 96
2 49 53 63 90
18 26 34 93 100
32 65 72 83 95
6 45 55 58 91
5 29 66 67 89
8 49 61 66 91
19 40 84 91 94
13 22 28 31 37
6 51 75 81 92
26 42 56 62 86
19 66 69 72 73
2 3 44 65 72
21 73 78 87 88
4 21 36 42 87
9 20 45 61 93
29 33 68 76 85
5 44 62 66 99
15 37 54 60 73
24 25 53 66 89
30 43 52 59 89
21 27 57 64 68
28 37 46 72 87
30 56 59 81 90
32 34 62 86 96
11 16 28 41 93
24 57 79 85 98
27 32 49 66 84
46 58 74 77 91
11 20 22 48 85
6 27 60 62 77
9 11 14 22 68
22 24 52 78 86
27 32 79 87 96
2 61 64 72 87
13 22 27 30 31
1 4 9 53 63
9 39 47 54 87
36 39 53 71 76
8 31 49 67 77
13 52 73 81 99
22 28 66 75 98
18 52 53 63 95
19 43 50 66 86
28 49 62 74 99
12 36 39 54 71
11 24 39 45 53
13 54 74 79 88
36 46 54 75 81
24 38 53 68 94
15 52 57 69 84
5 50 65 68 91
7 67 90 91 92
26 41 42 55 90
6 22 38 60 87
11 15 16 26 68
42 58 75 81 95
4 33 49 50 85
2 44 47 83 97
6 23 43 44 72
19 26 49 90 98
14 35 40 49 90
33 41 43 65 66
7 15 54 90 97
10 31 71 78 100
3 53 74 82 91
1 25 68 78 99
25 42 43 58 81
28 41 45 61 69
2 7 17 38 93
1 53 55 68 87
30 42 50 66 93
15 29 40 55 63
11 37 60 72 75
8 14 43 91 93
26 52 59 74 96
41 52 70 81 84
48 52 54 61 71
20 23 47 51 83
6 7 40 60 62
13 21 32 36 76
21 57 66 71 89
10 12 31 69 96
33 56 79 87 97
32 33 59 81 91
1 34 38 55 100
27 31 33 46 64
4 11 32 56 89
4 36 71 91 99
1 5 10 55 85
13 28 76 95 96
17 20 55 71 96
4 16 31 34 85
10 61 62 73 100
27 32 37 64 83
11 13 42 98 100
6 16 36 41 84
40 61 72 85 100
3 4 7 31 74
38 47 70 92 97
9 10 30 71 93
3 52 66 88 100
31 57 86 88 90
3 15 49 69 99
8 28 32 69 77
7 8 72 86 87
1 21 25 37 74
5 39 46 47 87
7 12 35 61 90
30 34 37 67 94
3 6 7 24 41
8 49 67 76 89
25 29 73 88 94
1 33 39 53 71
21 22 72 86 94
16 19 32 55 98
45 51 60 90 97
2 11 69 75 78
6 15 58 83 86
11 36 46 64 69
40 54 55 71 73
3 43 75 92 100
6 16 20 73 98
26 53 55 79 89
13 14 29 38 55
13 73 88 96 98
51 55 59 64 93
30 33 43 45 70
35 64 65 69 95
20 71 75 88 100
8 79 96 97 100
11 34 38 64 90
28 45 91 92 98
43 63 80 81 96
24 25 28 47 78
7 26 36 37 53
22 24 49 56 86
1 36 75 81 82
41 61 94 95 98
17 19 50 58 82
47 56 63 93 100
12 33 44 45 75
6 11 34 70 98
3 15 36 67 98
25 32 41 55 84
29 30 63 72 85
23 31 66 78 89
7 32 52 67 95
25 37 55 66 85
33 35 79 84 89
7 30 73 75 76
27 46 49 53 79
9 21 23 39 88
42 65 74 84 100
14 29 40 62 69
10 33 46 48 81
1 31 55 56 74
28 30 41 49 59
9 23 28 40 41
19 21 36 63 66
9 34 74 93 100
27 66 73 96 99
3 20 32 48 84
21 35 67 84 100
7 44 60 85 97
14 18 27 43 86
42 57 63 68 97
27 40 52 90 97
25 42 49 64 90
2 9 10 69 94
3 36 44 46 95
11 58 77 95 100
23 32 49 61 92
22 25 53 78 85
27 28 32 34 89
8 13 24 66 99
19 46 58 73 97
4 20 51 59 63
11 27 47 62 92
10 42 46 53 98
23 32 64 77 96
7 15 18 75 91
2 3 15 18 96
36 64 71 80 88
3 17 50 54 65
9 10 57 72 76
3 25 42 43 54
8 18 49 97 99
31 33 81 87 93
3 18 23 27 99
7 15 28 67 77
6 12 13 87 90
3 7 37 66 80
16 54 64 67 93
27 38 50 66 79
13 20 47 65 68
4 8 9 91 100
12 15 60 64 94
7 10 52 65 91
20 24 33 72 89
8 26 86 88 93
3 24 46 74 99
9 18 32 44 84
6 19 34 50 65
15 17 28 44 53
2 5 36 84 97
1 7 45 66 78
44 61 67 70 72
1 7 22 67 75
3 28 33 46 87
8 14 45 55 71
4 10 15 40 84
5 7 35 44 49
4 12 25 73 85
3 37 43 49 94
4 7 33 51 91
1 8 38 92 98
13 30 37 63 100
22 32 66 67 68
7 11 15 54 65
16 32 53 54 74
2 19 24 51 98
24 35 39 79 89
38 40 74 78 81
7 33 42 61 77
1 34 44 76 100
39 57 61 77 87
4 18 21 49 98
25 52 64 73 75
18 37 46 61 75
23 72 73 79 95
12 15 29 57 81
45 83 84 87 92
6 17 60 70 71
26 48 52 53 73
43 50 58 87 92
6 38 84 89 99
13 31 40 62 70
41 60 66 71 75
19 24 29 59 78
24 26 38 58 59
43 47 78 86 99
27 53 59 73 94
11 22 39 64 67
6 57 67 77 89
2 14 15 37 43
9 53 56 73 90
1 10 43 46 56
1 14 18 27 43
33 59 61 74 76
16 20 22 25 34
16 37 42 52 75
26 31 81 88 98
21 25 56 71 74
51 66 71 83 85
27 39 40 44 77
4 67 84 94 98
39 63 69 76 85
10 37 70 84 90
3 39 43 88 92
10 51 54 55 79
19 28 56 80 92
40 48 67 68 86
45 52 70 78 88
2 13 53 57 88
12 14 29 75 92
2 8 18 95 99
14 33 34 50 99
19 59 73 79 100
12 38 47 51 52
19 20 69 82 96
37 46 47 94 96
3 31 64 74 84
4 17 28 29 84
41 50 55 97 99
5 57 66 69 89
62 77 83 88 94
50 56 71 77 85
2 35 45 55 96
18 55 73 81 96
18 25 29 65 89
12 24 39 43 88
12 17 46 76 91
11 42 58 62 78
18 30 36 48 99
24 65 68 79 98
5 11 25 38 78
3 13 32 49 88
10 16 46 47 91
72 80 86 88 90
8 31 38 90 92
17 38 54 81 88
35 44 46 52 85
38 47 51 54 64
20 37 53 63 97
34 41 75 84 98
1 49 65 67 78
5 42 49 54 89
6 15 19 34 77
14 29 78 93 100
36 61 62 69 91
10 25 26 47 89
11 43 54 87 88
6 28 36 64 75
25 57 64 69 84
5 25 48 61 94
4 6 26 39 47
1 4 48 62 73
1 27 33 60 86
4 19 51 57 91
16 21 54 74 90
55 60 80 82 84
40 46 60 83 95
5 18 55 64 70
4 25 26 48 87
4 6 29 41 53
14 45 63 73 79
34 58 62 68 86
2 5 9 37 87
2 16 47 90 95
17 19 24 32 62
8 24 87 91 92
17 20 51 93 96
48 50 58 78 100
3 10 35 42 75
2 33 38 76 90
7 25 37 55 98
22 48 60 91 92
30 69 73 93 94
22 23 26 31 35
42 54 57 71 91
5 41 45 79 96
2 7 20 26 64
19 39 52 62 91
26 29 37 56 61
11 35 56 58 77
9 29 49 84 88
11 15 23 42 45
4 12 48 49 58
23 46 57 64 78
4 19 32 78 96
11 29 48 78 86
18 19 84 88 97
41 48 69 96 98
13 62 80 83 89
45 52 53 76 83
2 14 49 56 68
13 26 40 82 96
40 48 58 87 92
4 33 48 49 100
17 27 45 46 57
20 22 29 81 100
8 30 65 69 72
6 31 47 60 63
50 63 67 72 99
17 27 51 60 63
25 30 44 58 69
24 31 44 59 78
6 18 44 59 61
9 28 32 52 87
40 44 64 70 73
1 2 25 40 75
30 38 57 65 93
16 35 37 43 90
16 17 18 64 90
29 40 44 52 92
40 54 64 67 82
11 39 68 92 98
9 27 29 42 73
4 16 60 66 91
4 44 49 79 84
5 24 45 68 78
13 20 32 46 51
20 22 90 95 99
3 8 12 17 76
3 37 57 64 86
1 13 68 85 91
24 43 65 79 100
4 22 40 72 83
5 9 34 42 43
25 36 56 69 89
20 47 51 72 100
1 11 22 44 64
3 24 32 36 47
55 78 82 86 92
53 57 67 73 88
2 11 16 33 76
13 41 42 48 99
1 7 42 56 96
33 48 56 82 91
1 32 46 68 98
7 55 70 86 99
4 48 83 84 100
17 26 36 37 61
22 26 31 46 87
59 68 73 75 85
18 26 33 55 72
19 22 39 64 78
1 30 48 77 100
3 6 38 46 68
1 2 12 20 94
13 18 26 36 48
3 29 30 40 63
2 5 40 47 69
21 32 45 51 90
16 24 37 49 63
24 38 65 82 93
17 18 20 31 54
4 51 58 86 88
4 11 19 30 82
33 40 50 56 84
12 17 33 58 67
18 19 60 78 94
23 40 52 82 84
11 29 30 85 89
4 20 61 72 78
19 30 52 77 80
8 22 24 67 88
4 21 28 34 64
18 29 49 89 98
16 27 51 62 67
1 6 20 74 90
1 23 40 63 67
7 15 25 87 94
43 49 51 86 94
9 49 53 64 76
42 43 44 64 67
63 93 97 98 100
7 13 20 49 67
6 17 43 71 93
46 52 84 93 97
34 55 61 62 74
11 28 41 59 78
14 74 90 97 99
17 34 54 68 82
18 22 27 66 83
7 11 54 87 99
34 39 63 66 95
34 37 53 88 94
26 45 70 76 100
2 37 83 88 98
10 19 55 66 80
7 21 34 60 75
7 13 38 72 98
10 21 43 70 76
11 18 52 53 84
22 36 41 76 88
33 56 62 65 79
7 33 37 40 64
20 33 59 65 77
36 38 43 47 68
13 27 31 78 85
4 6 22 57 64
15 19 62 67 90
20 26 42 43 67
14 27 34 68 83
18 41 42 95 100
21 41 88 96 98
4 17 62 78 84
9 17 35 73 83
9 19 38 54 71
3 42 45 67 93
14 19 24 48 67
6 38 43 52 59
11 19 71 72 82
4 7 57 69 71
23 31 50 56 67
28 36 45 54 66
