19 21 24 27 44 74 75 81 89 90
2 9 23 29 38 42 51 68 93 94
2 8 18 24 28 41 54 66 74 96
6 18 26 35 55 59 65 72 80 82
13 18 19 21 35 55 57 71 87 96
4 7 18 23 28 36 46 49 67 99
22 41 42 53 56 78 79 82 84 100
8 14 24 42 43 53 73 80 88 96
1 6 23 31 50 54 76 94 95 99
11 19 20 24 45 52 62 68 86 91
31 39 46 47 60 63 73 75 80 99
12 26 37 40 47 49 65 73 83 88
18 22 26 46 55 58 74 77 78 95
4 20 21 27 52 65 90 93 96 98
10 13 20 22 50 70 77 83 84 100
4 10 14 25 50 51 61 80 94 100
3 13 30 57 61 62 86 87 91 99
6 17 20 26 33 51 75 80 86 99
3 19 28 36 57 66 70 72 95 100
14 40 43 44 48 72 76 77 87 94
14 16 28 39 50 53 61 79 87 91
6 8 10 18 25 52 70 75 92 97
15 20 44 57 65 69 77 78 85 94
4 12 18 28 38 43 53 54 67 97
1 6 10 14 32 44 53 64 86 99
20 36 42 45 64 67 82 91 92 94
20 29 30 43 44 50 69 78 80 100
1 16 25 39 52 57 64 90 99 100
2 3 6 17 26 32 56 65 66 100
3 8 19 26 28 53 59 72 82 86
3 16 18 20 34 48 53 71 74 100
11 19 25 29 31 34 57 62 77 92
11 23 24 30 36 55 57 71 75 90
9 15 21 30 31 46 59 64 65 75
17 19 26 30 35 45 54 85 88 90
14 16 22 28 40 45 60 80 90 97
7 11 40 46 64 69 70 93 94 96
10 25 37 43 45 47 70 77 81 100
1 33 38 60 66 71 76 79 87 93
3 5 11 22 30 43 65 73 81 99
24 28 31 39 47 54 60 73 77 98
5 16 23 37 38 56 76 85 90 100
12 26 27 33 42 50 70 84 88 89
1 2 35 40 43 50 51 66 68 71
6 31 45 46 48 69 71 78 79 92
2 26 28 35 43 54 56 70 92 94
6 7 9 15 25 47 48 67 69 98
16 17 33 43 47 56 57 62 75 80
10 13 19 21 22 31 57 77 87 93
17 19 35 49 67 80 88 91 93 94
5 13 24 40 48 57 66 75 88 91
3 15 19 27 37 54 58 94 96 98
6 15 18 23 35 37 42 77 80 88
4 7 15 19 26 36 64 68 77 84
6 39 49 53 80 87 88 91 96 98
10 18 34 35 60 78 83 87 88 95
1 17 22 36 42 54 66 69 83 88
17 25 26 30 34 36 47 53 62 97
13 30 38 66 70 74 85 89 97 98
9 16 22 39 45 49 53 74 93 95
5 11 12 21 37 40 45 67 73 88
10 12 13 18 27 32 35 45 61 68
10 32 36 70 74 76 77 79 87 90
4 18 26 34 45 50 53 74 75 84
6 20 24 50 57 65 79 86 96 97
8 19 20 32 35 45 51 87 92 100
2 22 30 33 59 64 74 82 86 91
5 18 50 52 59 69 70 73 77 96
24 27 32 42 52 55 57 68 98 100
28 29 31 36 49 56 57 58 73 80
19 34 35 39 49 72 74 80 84 100
2 19 21 48 77 81 83 85 88 97
5 19 44 51 60 67 71 79 83 96
14 22 26 36 45 50 52 77 86 95
4 6 8 11 15 20 59 60 64 82
5 16 52 54 55 65 68 70 84 94
4 15 25 34 49 53 75 83 97 99
5 6 20 22 36 55 66 82 87 94
9 23 63 68 69 70 79 80 98 99
11 15 19 27 67 82 85 88 89 91
20 34 36 42 58 76 79 86 90 100
14 15 23 34 38 47 67 70 73 95
1 2 4 18 32 61 69 73 80 89
6 8 10 18 24 31 38 42 65 67
19 27 47 51 67 71 79 87 92 95
6 12 17 24 31 40 49 56 66 76
1 4 5 16 44 55 63 81 85 89
1 8 15 39 50 58 65 66 86 95
5 6 14 22 32 33 54 64 80 83
23 41 45 46 53 60 67 70 88 93
4 34 35 39 45 50 71 72 74 90
2 18 28 43 49 64 90 95 96 99
20 21 23 35 51 62 64 65 95 96
15 16 20 48 50 54 69 81 94 97
13 16 30 31 46 51 54 60 81 93
3 17 34 42 48 50 58 73 76 95
7 8 10 18 19 23 46 80 82 89
4 14 21 42 58 65 71 79 97 98
6 15 18 63 65 69 71 74 90 96
2 22 23 53 68 71 72 88 98 99
2 9 11 25 37 45 47 68 84 96
1 11 29 39 56 64 76 89 92 96
4 5 16 28 36 41 49 59 63 97
4 9 25 39 70 71 74 75 79 98
3 32 40 64 69 70 81 86 89 93
20 21 27 46 47 57 58 82 87 91
26 27 52 54 59 60 63 83 90 97
7 11 27 36 55 63 70 73 92 93
17 22 57 58 63 67 75 82 90 98
10 11 20 27 30 36 38 58 68 94
1 6 22 30 39 48 50 55 68 97
4 11 12 25 28 40 68 84 85 89
12 18 20 25 28 41 47 57 75 91
5 25 29 30 36 38 41 74 93 100
10 21 34 38 51 53 58 77 80 96
1 15 19 50 59 69 90 93 98 99
7 12 17 22 27 37 43 60 66 82
2 16 36 43 49 50 60 64 94 95
7 10 33 38 43 56 66 73 97 98
10 11 21 24 26 30 44 52 55 96
7 18 26 30 36 46 72 81 90 97
3 14 58 62 64 76 83 84 88 90
4 9 11 33 47 55 83 92 94 95
8 15 31 43 46 64 73 81 89 92
19 44 55 57 63 66 70 72 78 83
4 13 16 22 24 25 26 36 95 96
13 14 22 32 37 43 68 70 76 82
5 8 21 28 43 50 53 69 78 93
32 33 37 55 67 71 75 80 81 91
13 20 26 31 43 71 80 84 85 88
6 11 30 31 37 56 73 83 90 99
5 13 16 47 58 60 65 81 89 100
1 22 36 42 50 62 69 86 90 98
2 9 18 19 29 61 67 81 88 95
2 8 47 51 63 71 83 91 93 98
5 11 36 39 48 54 66 92 96 97
7 10 17 26 36 58 61 68 79 87
13 30 38 45 66 74 77 89 92 100
3 34 37 38 47 79 82 87 93 98
3 22 30 40 60 64 65 69 84 97
4 8 16 23 25 47 52 81 87 96
7 8 19 24 38 48 61 75 89 99
8 14 20 29 33 46 63 67 68 95
12 19 20 21 39 50 78 84 90 94
8 29 41 45 46 63 73 78 91 97
10 25 27 37 62 70 77 84 85 98
6 26 35 36 39 45 46 74 95 96
15 21 41 43 45 47 54 79 95 96
6 10 11 36 54 57 78 79 80 97
4 5 20 40 63 67 74 79 80 93
13 31 33 38 47 48 55 82 86 88
23 24 49 55 61 67 73 75 80 94
8 34 41 43 44 47 80 88 94 98
4 9 29 48 53 61 75 83 95 99
10 16 20 37 44 52 73 77 88 98
10 12 16 28 33 37 65 78 82 83
16 18 19 20 25 26 37 60 86 88
27 36 47 52 55 69 73 89 94 96
6 28 33 40 44 64 65 74 81 85
7 22 33 40 44 45 49 56 63 82
3 6 33 56 59 69 72 79 92 93
3 16 24 30 43 48 79 81 84 97
8 19 51 52 57 61 70 82 85 98
1 7 10 43 57 64 73 79 82 96
7 14 18 19 43 46 47 76 77 80
4 10 14 41 48 61 63 71 82 99
19 31 45 61 79 83 85 89 95 97
10 13 24 29 37 38 86 91 95 98
6 32 33 38 45 47 65 79 93 94
9 18 22 29 36 42 60 87 92 93
15 30 31 38 46 64 72 75 84 88
2 6 13 23 24 30 49 68 73 92
7 18 31 32 42 50 76 88 91 96
1 9 29 44 46 50 51 55 81 90
14 19 47 55 63 75 79 80 84 89
10 14 16 28 52 56 73 74 84 85
13 15 17 31 34 45 66 73 75 76
10 17 18 32 53 55 62 70 78 84
1 8 40 43 53 63 64 71 96 99
3 37 49 54 60 77 86 91 94 97
2 9 20 38 55 57 59 69 75 79
1 9 16 39 40 60 80 84 86 88
8 21 29 33 43 50 65 66 76 77
7 17 20 39 57 62 64 66 67 77
2 8 10 15 32 42 64 67 69 82
24 25 60 66 70 73 76 79 90 92
5 8 41 47 68 70 83 84 88 94
13 14 15 24 26 36 72 73 75 87
1 14 24 30 34 52 60 88 89 93
4 6 11 25 27 34 48 51 82 83
12 28 38 45 59 61 62 84 92 96
6 22 26 39 51 57 58 64 83 93
10 35 51 60 65 67 86 93 96 97
2 9 15 27 55 61 76 90 92 96
12 15 17 48 59 64 65 75 76 80
1 6 8 16 35 44 45 78 85 91
17 20 29 30 55 57 73 81 86 91
2 7 41 44 59 67 90 98 99 100
12 17 27 35 45 46 66 69 82 97
5 32 35 36 40 76 80 82 85 87
1 22 25 33 56 65 67 69 77 100
1 2 4 10 13 26 27 49 55 96
17 18 30 32 45 58 61 63 79 88
6 10 18 22 50 56 60 66 75 96
34 37 45 69 70 74 77 78 83 86
5 21 30 31 32 64 74 78 91 97
5 25 34 44 46 48 61 63 90 93
1 9 13 16 37 40 48 58 86 87
22 34 35 67 72 78 83 88 92 94
13 20 21 23 26 44 47 91 93 98
2 23 24 29 32 38 47 50 65 88
9 21 29 57 63 65 67 76 85 95
15 27 44 67 73 77 80 82 91 92
9 13 18 20 26 69 82 86 87 90
1 15 24 46 49 58 60 66 68 86
1 6 13 24 34 59 62 75 89 93
14 27 39 42 79 83 89 92 93 94
1 20 23 38 43 51 72 83 86 88
12 15 23 27 45 51 80 85 88 92
9 16 18 32 33 48 64 80 83 93
4 6 15 24 65 70 72 79 86 98
6 11 37 44 59 65 76 86 87 92
16 19 25 54 58 76 77 80 82 98
2 18 24 27 37 62 70 83 84 97
8 18 24 26 33 58 70 84 85 86
5 8 12 30 32 34 39 60 75 93
7 16 26 30 40 46 52 69 76 86
4 8 17 23 24 52 75 80 82 94
21 29 30 34 44 61 65 75 79 88
3 7 20 41 44 48 79 85 89 93
13 19 35 44 46 50 52 56 57 89
3 7 13 23 38 45 54 65 77 97
10 23 38 46 54 66 73 85 89 92
10 25 26 39 45 49 54 76 80 91
16 28 33 35 45 50 53 55 63 70
8 10 31 62 63 65 67 79 87 98
1 3 7 13 17 18 32 42 55 81
7 26 29 30 31 33 49 51 69 96
5 12 13 27 33 38 52 53 71 97
4 8 9 54 56 62 72 78 82 93
5 6 21 33 67 69 72 73 77 92
1 18 32 50 61 63 69 80 87 99
5 8 11 12 14 43 50 52 56 63
20 22 23 42 51 63 72 73 85 87
3 24 25 39 41 46 55 71 75 80
4 5 8 21 42 49 54 66 89 90
7 9 22 23 40 56 58 64 78 83
3 13 19 27 34 45 53 56 85 94
9 16 17 50 56 57 58 61 67 99
6 15 17 31 40 59 63 64 84 98
1 11 29 38 58 76 84 87 93 99
9 15 23 36 49 53 59 77 82 95
12 21 28 45 66 67 72 73 82 95
14 28 39 42 50 66 76 82 84 85
11 23 29 32 34 39 46 55 71 98
3 6 22 34 38 40 43 58 68 97
7 15 42 47 55 60 70 79 81 95
1 29 36 43 58 59 67 96 99 100
18 25 26 36 39 44 47 48 70 79
5 10 14 21 39 64 75 83 91 98
1 49 56 58 61 82 85 89 93 100
4 15 16 18 49 55 68 76 77 78
22 30 31 35 44 47 67 86 96 97
12 39 46 57 62 64 83 85 93 100
14 39 64 65 66 70 72 79 81 90
1 2 19 39 48 61 86 90 93 99
13 20 26 47 49 64 72 82 93 100
30 51 62 64 66 78 86 91 94 98
5 9 23 27 49 61 64 87 91 100
2 18 27 64 68 69 77 92 93 94
11 24 31 35 40 47 62 70 84 88
3 7 11 26 27 46 56 70 74 89
10 21 26 34 39 47 51 57 77 95
2 6 16 25 33 37 62 66 81 100
16 23 40 43 50 64 67 74 78 97
9 19 22 23 25 45 76 78 80 81
8 11 17 25 37 40 49 51 54 87
14 20 32 37 39 43 45 97 99 100
5 28 46 48 57 59 66 72 83 89
25 33 43 49 54 62 67 72 96 99
6 12 18 19 38 53 60 89 95 96
7 13 22 27 33 37 78 81 85 95
12 14 15 18 27 30 35 38 54 58
16 18 22 33 45 50 55 69 72 75
14 17 29 54 55 79 82 92 96 100
11 12 18 19 22 27 43 63 64 84
8 18 19 23 41 43 66 71 79 86
18 42 48 51 56 64 85 96 98 99
4 24 27 46 49 51 54 71 73 90
1 2 4 15 34 41 46 51 52 78
12 18 23 27 48 58 68 70 79 84
2 5 27 56 58 64 73 80 92 93
2 11 14 45 50 51 67 68 82 93
2 9 14 21 34 49 50 52 54 57
2 19 45 50 55 56 61 71 76 84
1 4 6 10 40 41 53 72 98 99
8 14 19 28 36 43 46 51 63 87
1 2 10 17 21 35 41 45 79 87
20 24 51 64 66 67 69 90 91 97
26 31 35 46 55 60 78 97 98 99
1 3 7 18 24 52 55 59 72 90
9 23 28 35 39 46 47 66 78 85
12 21 25 36 38 39 51 70 77 89
10 38 56 69 74 76 82 87 89 99
1 26 28 34 37 43 52 60 76 86
4 47 48 52 54 68 72 78 89 97
16 26 42 48 50 63 65 76 86 98
15 16 43 45 51 55 80 82 97 100
5 13 18 37 40 50 60 64 93 96
1 14 26 34 36 53 67 75 77 85
11 35 38 53 67 70 73 88 94 100
7 16 26 40 41 46 62 74 75 82
16 37 46 54 78 83 84 86 94 95
19 42 46 54 56 58 69 70 73 79
2 11 17 19 30 56 71 75 86 98
3 7 13 39 43 46 47 77 82 92
5 16 24 27 39 44 65 67 82 97
29 33 49 56 68 76 78 92 95 98
2 12 14 15 33 44 59 64 93 94
12 39 49 66 69 72 78 83 96 97
39 42 48 62 69 80 81 97 98 100
13 27 47 48 54 64 66 80 81 82
1 4 6 14 31 47 59 66 72 88
21 29 34 43 49 51 55 64 73 77
18 20 33 41 44 46 70 83 90 94
12 17 18 30 33 50 59 68 97 98
4 11 12 13 19 36 38 40 64 74
14 26 33 34 38 40 71 82 86 91
2 18 28 41 49 59 61 83 85 97
12 22 25 30 31 40 42 49 81 89
45 48 61 62 64 71 80 84 91 99
1 14 33 41 47 56 68 80 82 85
10 31 59 62 68 72 79 80 87 98
5 7 14 50 62 71 84 97 99 100
28 36 47 51 55 64 70 75 77 85
5 23 45 57 58 63 70 71 91 99
17 18 20 33 39 40 42 48 69 80
3 7 8 52 58 60 70 73 83 95
12 16 26 28 47 50 53 64 85 93
7 12 41 44 62 64 69 82 83 95
1 6 17 23 36 50 74 88 91 92
30 32 38 46 63 67 70 73 88 95
2 3 5 8 36 61 76 79 89 100
2 7 30 44 56 57 58 61 72 79
4 11 48 56 57 60 77 82 89 92
3 7 14 31 32 37 51 57 79 88
18 25 26 33 38 42 47 51 98 99
1 18 24 41 43 66 78 80 95 100
5 10 23 53 58 61 67 71 79 100
2 34 52 53 63 69 83 87 90 97
4 17 18 20 62 65 72 74 76 95
10 12 26 35 39 40 44 61 80 93
8 10 11 19 22 34 39 62 73 96
3 11 17 19 20 31 37 38 44 82
12 18 38 39 47 51 62 66 74 95
20 26 29 39 42 80 83 91 92 96
11 15 33 38 50 61 72 92 99 100
6 18 24 38 52 55 58 61 77 78
18 29 38 40 41 42 50 55 59 72
4 5 7 17 45 49 51 54 88 100
2 9 13 18 24 30 50 57 81 90
7 31 49 50 55 61 63 69 71 76
11 16 18 19 22 35 51 52 56 84
30 37 46 59 61 62 66 82 83 88
2 14 32 39 47 53 61 67 83 85
17 26 33 50 67 83 85 96 97 98
11 16 40 41 65 77 93 96 98 100
11 16 17 28 38 50 55 59 66 83
2 3 7 11 23 33 36 37 54 95
17 23 31 35 54 62 65 78 97 100
3 7 23 46 55 62 82 95 98 99
5 11 20 23 30 51 58 62 90 93
2 3 33 36 45 46 62 82 89 96
9 11 49 51 54 56 66 74 85 98
18 20 28 40 45 61 64 75 91 95
9 18 23 24 45 50 51 60 77 94
4 7 10 43 46 51 55 66 80 94
28 39 42 48 63 69 81 86 90 100
7 11 12 25 29 34 52 71 73 75
1 3 6 18 32 50 52 65 74 78
16 17 18 32 35 56 62 68 86 99
12 25 31 49 58 66 79 83 97 100
7 8 19 39 44 46 48 56 63 73
14 21 28 48 66 70 72 85 86 91
9 11 12 14 22 44 74 81 83 87
3 12 20 24 29 51 68 73 80 81
1 13 19 33 41 51 52 66 91 94
4 42 43 45 59 66 80 83 85 89
2 38 51 64 71 75 86 93 94 100
11 27 47 48 62 64 68 70 90 98
1 4 10 14 37 64 68 70 74 79
25 32 33 36 47 49 61 68 90 91
7 10 19 53 60 61 67 69 80 90
3 10 15 21 39 60 77 86 89 93
15 28 34 38 39 41 50 56 77 85
11 13 20 38 40 46 63 69 70 93
17 23 25 32 42 63 66 84 91 100
12 14 19 32 44 51 52 66 89 96
9 29 55 58 61 65 73 80 93 96
9 17 25 26 31 39 45 54 59 87
20 24 25 42 72 87 90 93 99 100
30 35 40 52 72 75 77 80 86 97
7 27 30 39 46 56 57 64 77 93
1 7 29 36 39 42 47 79 93 98
4 14 27 40 41 43 55 61 78 84
13 29 34 54 56 64 74 81 82 88
20 25 31 47 49 53 61 69 79 80
7 12 24 34 41 43 51 79 80 90
16 21 33 36 39 67 71 81 89 100
4 6 11 22 38 63 69 78 81 98
19 26 49 53 86 88 89 93 96 99
23 32 36 39 52 58 63 64 99 100
17 27 36 37 40 52 60 69 71 75
11 12 24 25 35 49 52 66 79 87
16 22 43 47 50 55 65 68 92 96
14 22 37 40 45 46 50 71 82 88
3 5 13 24 38 49 64 67 74 86
18 31 35 36 51 69 79 81 94 95
12 44 49 64 66 84 89 94 98 99
12 21 22 35 46 52 62 63 77 95
1 6 8 29 42 46 60 63 77 87
8 10 31 43 45 56 59 76 95 99
5 14 16 28 35 61 71 73 79 88
11 17 20 32 36 46 52 56 72 79
26 27 38 41 59 61 73 77 93 96
2 17 21 27 39 57 59 89 91 97
6 17 25 44 69 74 80 83 84 91
3 10 11 35 44 55 61 63 80 96
2 17 18 19 25 40 52 57 91 98
16 18 43 73 74 76 79 87 94 96
12 21 28 31 34 67 68 78 79 92
21 30 39 44 47 64 79 85 92 98
5 6 19 26 41 56 61 67 70 77
2 11 13 41 44 46 47 71 72 88
23 24 36 46 47 49 64 67 95 98
4 20 23 26 49 52 55 62 75 82
7 9 14 26 30 38 49 64 73 98
2 17 19 27 31 47 51 53 60 61
4 30 44 49 52 65 69 79 91 100
29 38 39 49 56 65 71 74 91 93
2 7 17 44 52 59 80 84 91 99
31 37 41 59 61 78 80 84 92 93
3 16 25 47 73 79 82 84 89 94
14 40 67 68 74 81 85 88 94 96
2 15 17 25 29 30 38 48 92 97
10 13 14 15 17 26 42 50 63 80
1 13 16 29 39 54 60 71 79 97
1 3 8 10 23 47 81 82 85 95
2 5 36 54 62 67 76 78 88 100
2 4 40 54 59 62 72 83 96 97
1 20 21 28 29 35 49 58 63 78
20 35 43 46 51 55 56 59 64 87
2 14 30 39 45 49 52 54 59 69
1 8 15 19 21 38 44 53 57 96
22 23 24 31 39 59 69 76 81 90
3 4 22 33 41 56 66 79 88 96
5 14 20 25 31 41 47 52 71 100
4 13 16 31 33 37 39 93 97 98
4 14 15 23 44 51 61 68 82 100
7 11 14 26 45 46 47 60 75 77
24 26 38 44 49 58 66 67 70 78
1 3 13 34 51 55 70 72 78 91
1 21 44 51 64 70 73 74 75 99
2 18 28 45 57 67 77 87 92 95
2 11 13 18 27 29 70 88 93 97
3 8 12 14 25 51 71 76 86 97
3 10 22 27 31 36 58 70 79 100
32 35 56 73 74 80 82 94 97 100
14 18 36 44 46 48 61 65 77 89
1 11 19 40 44 50 75 84 87 93
3 9 54 64 65 67 77 78 89 90
7 34 43 47 57 62 76 84 85 86
2 15 34 48 49 56 80 85 90 100
3 10 20 44 48 56 57 80 83 84
2 3 14 22 47 48 57 58 87 99
3 17 19 22 27 35 42 54 73 93
8 9 12 28 37 46 65 77 85 92
5 28 33 40 52 53 59 60 82 92
7 13 17 35 57 70 87 88 97 100
17 21 22 27 29 36 71 73 75 78
10 15 18 28 36 44 59 61 65 80
10 33 44 72 76 79 83 90 93 94
1 10 15 20 27 32 39 45 69 76
4 6 36 40 45 58 59 79 91 100
7 18 26 29 32 37 42 48 66 78
17 29 30 34 48 55 59 77 93 94
6 31 32 39 54 62 68 70 73 82
1 9 17 25 33 40 69 72 90 93
1 17 27 43 51 55 61 66 86 88
3 26 28 30 37 42 66 70 84 95
2 5 7 28 36 43 48 90 97 98
20 21 26 30 41 48 49 50 52 58
9 34 37 50 56 57 61 71 79 85
10 18 24 25 39 43 45 50 61 72
7 10 27 37 46 57 79 80 91 97
4 8 19 32 35 58 74 77 86 98
15 17 41 46 49 66 68 74 81 98
11 16 23 44 56 61 62 70 71 80
6 13 14 21 31 69 87 93 96 99
25 31 36 41 43 56 69 77 84 90
10 23 43 56 64 80 84 85 95 96
14 21 23 30 48 51 52 59 73 82
26 30 41 46 47 48 51 55 73 81
7 12 14 43 45 57 60 67 81 83
1 3 16 18 19 35 48 82 86 88
1 16 23 27 40 50 75 80 94 99
5 15 35 38 42 48 57 58 69 78
30 38 40 70 74 75 84 87 90 94
6 30 40 50 66 69 79 90 92 96
3 5 6 20 39 67 68 72 85 91
11 15 19 47 49 74 76 79 82 96
12 41 43 53 56 77 87 92 98 99
6 8 18 30 45 54 77 93 96 97
15 24 37 38 40 45 62 77 85 96
4 15 32 35 44 51 53 58 60 65
9 16 58 62 68 82 85 93 96 98
19 25 28 38 47 52 62 67 78 89
4 9 12 37 46 69 77 90 94 100
1 16 28 31 57 72 78 80 94 98
23 31 32 39 49 68 80 82 89 96
6 25 26 35 40 66 74 84 88 95
1 3 6 46 57 67 83 86 92 99
1 3 6 9 15 26 41 48 58 69
4 7 9 12 13 19 22 45 59 96
5 7 21 22 30 67 74 75 76 85
6 12 14 31 43 53 68 88 91 98
5 19 25 26 32 40 51 73 81 96
1 33 49 60 67 68 70 92 93 94
7 37 49 61 65 77 80 81 82 87
10 27 54 57 59 60 68 81 90 100
6 8 15 16 17 19 25 26 43 77
18 24 29 33 37 44 62 66 72 100
3 4 6 17 22 54 61 84 85 86
5 7 18 21 43 44 68 71 72 98
3 10 36 39 72 75 82 84 88 90
8 39 43 61 75 83 85 89 93 96
25 33 45 50 52 70 72 76 84 86
6 15 22 28 31 37 50 66 94 98
12 33 34 36 56 71 73 78 89 94
23 32 33 43 56 76 85 89 96 100
11 19 23 30 50 71 77 88 89 97
3 16 17 19 40 65 74 75 83 94
11 16 26 46 47 59 65 68 80 94
24 27 39 48 64 65 66 71 77 92
18 28 32 41 45 47 51 66 83 87
7 21 22 27 72 76 79 89 91 92
7 9 29 43 46 64 72 86 93 100
16 31 37 40 41 60 89 91 92 99
1 19 28 30 42 65 70 78 79 97
30 31 37 42 47 54 58 61 72 81
3 24 39 45 47 64 77 84 86 92
3 11 22 45 51 58 61 78 89 98
1 17 29 36 53 61 72 74 87 97
5 9 14 25 51 60 66 81 90 98
5 11 14 52 58 61 67 79 89 95
6 11 33 38 43 47 62 68 84 94
8 10 16 35 36 42 48 52 87 91
1 19 20 30 35 50 54 64 93 95
10 14 15 20 22 29 35 40 44 87
7 16 23 30 33 48 56 76 78 85
11 21 25 28 30 43 60 73 75 82
7 15 19 21 24 25 42 53 59 65
2 13 28 40 42 48 51 62 67 93
16 29 32 35 52 64 65 67 74 85
12 20 24 42 56 62 63 75 85 99
2 4 42 49 56 64 69 76 87 97
1 4 7 11 30 48 52 62 73 84
1 21 28 37 47 59 72 83 85 97
1 5 10 19 36 46 65 73 74 80
3 6 29 33 34 53 55 63 66 73
16 17 25 31 36 61 70 74 81 91
10 19 23 24 36 40 48 55 68 92
15 22 32 43 50 56 58 78 81 84
4 13 18 41 43 53 56 62 76 94
3 19 22 28 48 49 58 62 66 76
16 33 36 41 50 65 82 83 87 93
10 13 26 27 56 61 65 67 79 85
3 7 10 19 49 68 76 88 90 97
2 8 19 32 45 69 73 76 90 91
7 13 26 36 52 53 60 61 73 79
9 14 24 38 55 61 62 67 72 96
1 6 23 25 40 56 59 63 72 76
5 17 26 31 52 58 70 73 84 97
9 12 19 27 43 56 61 70 72 89
4 11 14 19 50 51 60 66 72 75
9 27 42 46 56 64 75 77 88 94
6 10 24 26 27 37 58 74 78 80
31 37 68 70 74 76 83 86 89 91
6 21 26 27 33 61 75 77 82 91
6 14 18 19 21 22 29 63 78 97
13 21 31 39 67 72 78 91 99 100
2 8 19 22 23 64 72 79 85 94
28 30 47 48 53 62 84 90 92 95
1 3 8 17 21 33 45 55 57 64
29 33 39 43 50 72 86 97 98 99
11 31 41 49 60 61 74 81 82 97
4 17 32 34 41 50 56 68 72 74
12 33 39 40 43 54 71 73 85 89
4 29 39 56 57 68 72 81 84 94
6 19 27 28 31 33 51 56 69 100
13 14 44 47 52 68 74 86 90 99
9 28 38 43 58 60 76 82 84 93
5 11 15 28 39 76 85 89 95 96
5 10 17 56 59 75 80 85 86 95
1 4 31 34 51 62 65 75 83 84
1 4 6 7 26 42 49 61 81 84
19 47 50 53 60 61 68 73 84 90
3 18 23 36 57 62 63 66 87 96
10 14 36 45 46 54 58 78 89 98
4 8 11 31 42 45 73 91 94 98
11 12 21 34 39 46 47 48 52 67
3 7 25 32 37 58 62 72 78 94
3 13 17 22 37 45 53 79 80 98
6 11 27 39 50 52 53 67 68 86
30 36 50 57 62 64 79 80 90 100
1 2 7 13 26 42 57 78 79 80
17 25 40 56 61 62 63 72 81 83
15 45 48 58 60 68 69 71 82 83
18 36 40 54 56 67 69 71 92 100
19 21 32 45 55 58 61 79 88 99
5 10 15 16 21 34 41 49 53 79
14 28 30 33 39 54 77 84 85 87
8 19 26 34 39 69 77 90 95 99
7 14 15 23 39 51 61 65 67 87
2 16 32 35 70 72 87 95 96 99
19 20 24 52 59 71 72 73 82 93
26 42 48 58 71 76 82 85 89 93
16 35 44 53 66 68 70 76 97 98
4 6 9 47 61 80 83 87 91 95
8 15 20 36 45 52 71 72 80 81
2 4 5 21 40 44 53 82 88 90
13 22 32 39 41 45 62 63 64 80
8 27 29 44 50 57 76 78 79 92
4 5 6 26 35 45 67 70 88 93
6 32 37 39 53 58 66 88 89 90
19 23 54 58 59 61 63 87 95 99
5 16 22 23 24 37 44 82 90 99
5 27 29 50 61 78 83 84 87 90
1 11 20 25 56 63 70 79 94 99
9 17 18 20 25 39 46 54 85 95
16 23 33 36 40 55 67 68 70 75
1 9 10 18 34 44 67 82 97 99
7 9 23 24 26 30 32 34 40 56
2 3 10 12 25 26 27 31 39 99
1 5 6 18 19 27 28 35 51 67
10 15 29 50 52 74 78 90 92 96
21 29 49 52 53 63 65 74 80 81
3 25 30 37 59 83 90 95 96 98
24 33 36 46 60 74 88 94 99 100
5 10 23 29 37 44 64 71 89 92
4 30 34 38 46 62 71 91 98 99
2 9 15 18 32 51 52 57 96 99
13 18 23 29 32 34 83 85 88 96
6 7 18 21 34 45 54 68 96 99
3 6 8 33 37 51 58 68 77 96
7 11 20 32 38 46 65 66 72 79
2 9 14 23 52 54 63 64 74 92
7 43 53 64 72 78 79 80 88 100
19 22 43 53 58 62 89 92 96 99
6 7 10 39 52 66 75 86 90 100
12 16 17 19 20 24 45 54 55 57
1 9 12 13 34 49 53 56 65 72
4 11 18 36 37 50 51 61 71 83
14 27 28 37 41 53 71 87 92 95
11 15 27 41 50 57 58 71 72 81
1 5 13 36 43 58 71 74 78 98
4 31 32 39 48 58 71 74 85 90
6 12 14 36 37 48 51 53 76 82
1 4 44 64 73 79 84 85 86 98
6 17 18 44 46 61 80 81 89 93
6 8 20 22 33 50 56 59 77 82
10 11 12 51 61 79 86 87 97 99
6 18 20 38 54 56 61 77 85 90
6 7 13 21 34 45 49 52 85 88
3 15 16 27 37 39 40 58 92 100
2 8 11 15 55 65 69 73 76 91
8 9 25 33 38 39 42 65 67 79
28 32 50 60 72 74 83 85 96 97
8 28 30 45 57 64 74 84 92 97
1 26 27 30 40 48 51 58 61 66
17 18 24 26 27 89 90 94 98 99
11 18 21 27 35 44 55 59 89 95
2 6 15 28 37 39 60 68 71 89
14 16 31 44 74 84 85 87 98 99
4 17 42 55 56 64 76 77 90 91
15 16 27 30 34 50 56 90 91 99
1 3 10 19 33 34 38 53 60 90
4 6 20 21 34 48 65 79 80 96
3 17 20 24 43 55 69 75 99 100
13 16 25 44 55 71 72 86 87 92
8 15 17 22 32 49 59 73 80 85
2 18 20 26 36 47 73 80 92 95
1 14 33 38 52 56 70 71 83 100
3 6 27 29 44 53 72 85 87 91
12 18 22 24 44 53 64 69 75 100
6 10 15 16 20 24 25 29 60 78
3 6 42 43 46 49 79 91 93 96
1 6 14 31 44 55 66 73 75 95
9 17 27 35 73 80 83 86 87 98
1 6 8 17 21 41 45 48 79 96
11 30 34 45 49 69 77 82 85 92
1 5 7 17 31 34 48 68 71 73
7 10 13 15 19 21 44 51 67 82
4 15 18 19 27 30 34 54 60 86
12 20 39 41 44 62 71 73 87 94
27 29 36 41 45 57 61 66 90 94
7 46 50 54 61 70 72 77 78 92
1 2 3 5 59 61 70 72 89 99
7 18 39 47 53 54 73 81 88 91
2 3 9 25 28 33 46 49 57 83
6 9 30 33 42 50 58 65 72 74
14 23 37 43 46 49 57 61 64 86
8 49 50 55 56 60 75 79 80 92
1 20 23 69 76 90 91 95 97 98
16 29 31 54 59 68 83 87 91 92
1 28 33 55 57 67 68 84 88 93
16 17 28 29 38 44 47 53 66 84
4 15 18 24 30 56 61 75 86 94
3 8 24 31 44 48 56 62 73 80
1 16 25 52 57 63 68 80 93 98
30 35 42 52 53 58 64 87 90 94
7 20 21 22 27 42 55 64 83 90
6 16 18 19 54 57 58 67 68 93
1 16 17 24 32 33 35 37 88 99
12 18 27 33 43 63 65 80 91 96
11 29 37 52 58 61 70 74 82 89
36 38 52 58 70 82 94 96 97 100
5 33 44 55 59 79 83 84 85 99
18 22 65 66 69 76 89 90 93 96
14 23 31 41 45 50 58 85 86 91
6 30 39 42 52 58 60 78 88 90
2 8 36 49 54 56 66 70 84 99
7 16 27 28 45 63 73 79 82 91
1 15 29 43 51 57 65 67 85 91
4 10 18 21 26 33 59 61 64 93
2 14 19 45 50 62 67 85 96 100
2 5 6 22 34 37 44 71 91 99
8 18 20 49 50 70 73 80 82 88
13 18 20 47 57 70 84 96 99 100
5 6 12 26 57 59 73 76 88 99
12 25 34 54 58 64 65 72 84 96
9 35 41 43 55 75 85 95 98 99
5 6 14 22 49 70 77 79 82 85
9 13 38 45 54 61 75 84 96 100
19 34 38 44 48 52 56 64 88 89
12 15 35 41 66 74 77 85 87 93
1 10 16 28 31 59 63 79 89 94
19 29 36 37 42 52 55 64 73 88
9 20 25 29 36 67 76 79 94 95
2 3 7 13 21 31 53 68 75 85
6 8 43 62 71 80 84 89 90 96
2 41 46 49 52 66 70 71 72 95
4 16 35 38 41 44 52 77 86 99
7 17 30 31 32 34 47 60 70 79
4 16 17 20 42 44 60 65 79 93
4 23 25 34 47 49 66 69 85 87
17 24 29 30 34 38 42 45 61 80
11 12 21 43 52 62 74 80 94 95
5 10 31 46 57 71 74 80 95 97
17 18 22 36 49 54 73 76 79 93
17 23 30 57 73 74 76 87 94 99
16 23 34 39 44 60 75 82 92 94
5 12 47 48 49 51 61 65 68 92
15 23 37 45 59 60 63 65 83 95
19 20 21 32 35 40 51 71 87 88
6 7 8 12 34 36 43 44 58 63
6 12 16 28 45 60 65 80 83 89
7 13 26 27 29 50 58 62 91 94
11 33 38 54 57 71 80 90 95 97
20 46 49 65 67 69 71 76 91 92
4 8 14 23 29 33 44 45 63 84
9 19 26 29 34 54 64 92 93 100
4 6 21 40 70 72 77 78 84 85
11 15 23 27 30 54 73 79 92 100
2 4 10 39 45 52 65 68 84 89
2 3 19 22 27 31 49 76 80 100
4 10 12 15 23 44 55 69 96 100
11 15 25 40 50 60 61 68 91 95
3 15 37 43 45 51 56 59 73 94
12 15 20 34 49 62 63 65 67 68
8 26 35 38 57 59 69 70 84 86
2 4 13 34 35 49 53 73 91 97
10 12 40 44 47 48 56 70 79 96
1 13 19 41 43 54 62 71 80 89
22 31 32 56 61 68 83 85 94 99
14 16 17 35 39 47 53 69 89 98
13 23 24 30 71 72 75 80 83 92
12 24 36 44 57 74 84 86 92 99
7 14 23 53 60 61 63 89 93 98
1 8 13 22 23 45 54 62 80 99
3 14 21 23 24 34 54 55 59 71
12 19 35 51 61 65 67 75 89 94
16 26 28 33 35 43 50 56 71 97
11 34 40 44 45 50 54 71 74 85
8 14 19 28 37 47 50 55 56 64
2 20 25 31 46 48 64 84 99 100
18 22 23 25 58 63 75 84 94 99
14 20 24 45 50 63 80 81 86 89
3 12 16 27 29 32 42 66 67 72
6 24 27 28 35 58 71 77 87 95
2 11 12 19 48 60 64 80 90 100
14 34 46 47 50 72 89 91 93 99
12 17 32 45 51 54 61 68 84 92
7 24 34 39 42 48 60 64 66 93
2 27 29 41 48 56 72 77 87 88
3 5 10 40 41 60 68 84 90 93
3 20 24 26 28 43 46 55 57 59
10 11 36 44 47 62 66 67 96 99
7 17 31 35 48 60 74 92 93 100
4 17 27 30 31 50 57 65 68 72
3 38 40 55 63 76 77 80 83 89
19 25 35 47 56 62 64 72 84 93
1 2 3 7 12 13 33 59 69 99
6 32 33 36 37 43 49 56 73 87
3 7 9 17 24 29 55 60 71 75
12 28 29 30 59 74 87 90 91 97
1 2 10 26 32 49 77 81 97 98
1 4 6 21 37 56 65 78 84 91
2 5 11 23 46 67 71 77 79 96
19 22 23 33 45 49 55 68 72 97
5 6 14 26 33 35 36 45 60 89
15 26 28 31 40 62 66 83 87 97
16 18 35 53 63 72 77 82 86 88
13 17 18 26 46 53 70 72 79 88
18 24 29 33 39 52 53 92 94 97
19 26 31 46 58 64 65 79 94 97
5 8 27 32 43 49 52 66 70 73
8 10 14 19 37 56 58 64 73 93
9 34 40 41 52 62 66 90 98 99
22 44 50 51 52 60 64 65 67 70
14 22 28 29 32 33 47 48 88 91
26 53 62 72 78 85 89 95 97 100
17 26 30 31 41 43 60 63 75 98
2 8 15 19 52 60 62 79 81 95
4 7 12 22 32 68 74 81 87 89
1 3 17 29 30 34 47 54 58 93
19 23 25 28 29 59 62 73 82 93
6 16 25 26 27 55 56 70 81 88
21 29 42 44 47 55 66 71 75 86
25 32 37 39 44 46 51 81 89 91
14 19 27 57 60 71 72 79 92 94
22 30 39 40 47 50 54 58 99 100
19 23 41 53 58 69 76 77 91 96
4 25 40 50 57 63 72 73 80 99
13 26 42 49 56 58 59 71 84 87
2 3 5 9 14 23 56 90 96 99
2 3 6 7 20 39 46 53 57 85
7 11 13 15 24 34 38 73 74 80
6 10 18 21 23 29 40 61 65 93
2 9 16 36 42 73 78 92 98 99
4 12 23 37 40 55 77 78 85 94
6 10 11 20 37 54 55 58 59 60
17 35 63 65 77 80 84 85 94 95
7 36 41 45 56 62 63 71 81 97
9 13 19 20 25 32 33 50 65 75
6 26 30 52 59 68 71 80 89 96
15 19 40 58 63 70 74 78 88 95
29 31 46 47 52 83 84 85 88 89
6 17 21 22 59 67 75 77 83 85
12 16 17 29 43 56 57 66 67 96
5 6 7 19 22 49 57 64 76 93
2 17 25 34 43 47 51 61 64 74
16 20 59 63 69 73 80 81 88 92
18 20 28 30 31 38 43 44 64 72
5 6 8 19 55 56 66 88 93 96
1 17 21 24 53 55 58 72 87 91
22 25 31 40 49 52 54 57 76 92
5 16 30 32 49 57 66 70 78 97
24 30 37 43 48 51 72 87 90 99
14 15 31 36 60 66 79 82 90 96
3 9 30 48 63 64 67 70 72 83
8 19 23 50 53 59 84 85 91 97
1 15 20 24 29 47 53 60 89 99
2 10 15 16 25 48 49 52 57 92
4 18 31 44 45 57 64 71 89 98
4 41 52 54 73 79 80 81 86 98
23 35 37 64 67 68 70 86 87 94
4 17 25 27 48 69 70 81 85 97
15 16 23 32 49 58 61 69 95 96
2 6 15 23 35 44 45 56 64 89
4 5 40 46 56 57 72 82 96 99
30 47 49 52 71 74 86 87 94 95
5 20 34 38 39 47 57 78 89 97
2 17 39 41 45 64 67 71 79 99
5 6 12 14 33 63 73 76 85 100
15 16 33 44 50 58 63 71 85 98
8 13 16 37 40 44 51 61 71 81
4 11 12 22 27 28 66 76 83 97
19 29 34 36 39 43 55 67 79 97
10 14 26 31 40 42 49 65 66 90
4 18 31 37 41 43 51 54 63 81
1 4 6 16 18 19 37 39 57 85
9 20 26 30 31 34 52 71 73 82
1 17 23 34 49 54 70 85 86 98
1 39 56 62 82 85 89 90 96 99
7 23 27 37 40 61 62 75 77 82
11 22 50 52 62 77 80 88 89 98
17 42 48 53 80 85 86 87 91 94
14 28 52 53 59 64 70 75 77 96
3 5 36 37 41 54 64 67 83 100
1 3 7 35 63 67 72 74 79 96
11 13 23 62 63 65 68 94 96 99
1 19 29 33 47 66 67 74 76 88
22 32 38 57 74 81 91 97 98 100
15 16 41 44 54 70 85 90 94 96
7 8 14 16 37 40 52 72 81 85
61 64 75 77 84 86 89 93 96 99
17 28 33 47 67 71 79 87 89 95
38 41 47 50 58 70 76 77 89 92
2 5 9 14 50 58 68 84 88 96
14 20 24 27 36 50 67 75 86 87
14 27 30 35 49 55 66 88 89 91
2 19 21 43 46 48 61 86 87 88
19 20 27 29 59 67 74 76 77 98
15 20 24 26 54 57 67 73 90 100
1 13 14 30 51 57 58 64 80 93
4 13 18 20 44 72 73 74 81 92
9 20 22 26 28 36 40 58 66 84
9 12 15 23 45 55 60 66 72 82
6 12 24 25 32 52 60 62 74 82
9 11 38 46 51 53 62 64 72 99
25 33 52 67 69 70 74 81 92 93
1 17 29 31 38 50 56 62 73 97
14 24 37 43 59 67 87 88 89 92
2 11 17 24 36 40 66 67 81 96
11 37 41 43 51 52 57 59 76 86
8 21 26 34 37 66 69 81 82 94
1 18 20 45 48 52 59 63 82 93
4 18 26 36 39 46 48 59 60 89
24 28 32 45 59 61 64 77 83 84
1 9 17 30 41 48 61 71 83 94
23 27 35 46 75 79 80 88 89 92
1 9 38 41 52 59 72 74 88 95
8 13 28 41 42 56 79 91 94 97
15 18 22 23 28 60 72 82 85 100
13 32 35 37 42 68 70 76 94 99
7 16 21 45 57 65 79 91 94 100
2 12 29 30 33 36 61 64 74 87
19 20 27 30 32 44 55 69 71 89
6 14 24 26 32 39 61 65 73 98
2 10 21 23 30 31 37 42 49 75
6 15 17 18 38 42 45 59 71 93
32 36 39 41 42 79 88 91 94 95
9 13 20 29 42 60 67 92 97 99
6 11 27 33 37 50 78 88 91 100
12 14 16 25 34 46 48 54 85 92
20 33 38 43 46 80 82 92 98 100
1 21 38 39 41 46 48 53 70 79
1 10 38 58 60 62 75 79 85 92
13 32 37 39 46 70 77 86 87 92
5 12 15 21 58 59 72 79 92 96
18 25 33 49 56 66 72 97 99 100
3 5 6 13 29 40 41 64 81 98
26 28 35 65 66 69 74 81 96 100
16 23 24 32 37 55 62 81 90 100
6 35 36 41 46 62 69 86 90 93
1 15 16 21 27 47 52 53 82 91
5 25 36 37 42 45 51 64 67 95
12 17 39 40 41 48 49 64 73 95
10 31 40 65 78 81 84 89 93 100
1 9 26 27 32 58 64 76 81 99
15 29 32 40 63 78 79 80 84 92
38 49 64 68 70 77 86 89 90 94
4 11 22 28 54 55 56 78 82 96
2 6 10 21 38 39 42 52 59 70
13 18 21 36 41 43 50 77 80 100
7 12 14 15 34 60 70 76 84 99
5 18 19 20 30 39 53 66 79 90
3 27 29 32 36 50 51 61 82 84
23 33 41 49 52 54 57 66 67 83
2 14 20 25 26 43 64 65 69 83
1 2 8 24 34 54 73 75 84 86
1 10 29 40 43 54 67 71 91 93
2 3 6 40 45 46 47 50 53 97
20 22 29 32 44 68 69 73 80 99
16 20 47 51 54 60 65 67 69 90
16 19 30 34 44 47 53 57 61 80
25 29 34 54 55 64 66 67 72 90
4 8 18 26 31 46 59 74 88 91
16 28 36 38 45 51 61 74 79 93
8 19 23 31 33 58 74 76 79 80
1 5 7 50 57 61 87 89 96 100
20 22 33 35 44 58 64 76 81 95
8 17 18 21 55 58 60 83 85 91
19 22 30 53 55 61 70 81 84 99
23 30 42 52 53 67 73 77 84 98
6 14 28 33 39 41 74 85 94 98
3 5 8 9 30 34 44 57 58 69
4 12 14 27 28 33 36 43 50 90
15 16 23 39 44 47 77 80 94 95
18 20 21 32 58 68 70 78 84 100
1 4 14 43 45 63 88 96 98 99
16 19 22 25 27 46 57 71 92 93
3 12 18 19 26 30 33 67 72 81
13 21 31 37 40 72 74 78 86 95
8 9 18 26 37 51 56 58 65 80
9 11 16 17 34 52 64 66 82 90
5 20 24 28 31 67 68 74 76 77
8 9 21 26 36 45 48 59 62 63
3 5 27 28 35 47 53 55 79 84
