14 24 28 35 54 56 65 73 87 98
4 31 44 56 57 61 64 68 72 85
11 13 24 31 34 51 56 59 90 98
1 5 20 35 54 67 69 91 92 99
5 6 26 65 66 71 78 85 99 100
35 43 47 49 54 62 64 73 78 87
7 9 20 29 32 62 88 95 98 99
12 21 23 30 39 68 70 71 83 85
7 11 35 36 50 51 65 67 87 93
6 11 12 13 27 58 65 72 77 94
15 42 49 66 69 73 84 93 94 100
3 5 8 19 32 40 43 64 79 91
1 5 15 35 38 44 47 63 69 89
17 33 34 42 51 60 62 66 91 94
9 13 32 39 58 66 83 84 87 97
2 21 24 26 44 60 61 91 93 96
15 17 23 45 56 63 69 72 80 98
23 25 38 50 63 68 77 85 87 100
2 14 27 39 40 42 44 63 73 94
4 9 21 34 52 59 74 92 95 97
9 18 19 26 29 48 50 68 84 92
4 31 36 41 56 58 78 79 81 87
3 4 10 39 43 47 52 60 68 89
24 29 35 36 41 49 66 85 89 91
22 32 38 47 59 60 69 75 76 92
4 11 14 27 32 47 60 76 90 98
2 18 30 34 35 58 80 81 86 96
2 8 11 20 22 31 32 36 58 92
19 25 28 32 37 42 56 70 87 95
1 8 39 59 61 65 68 70 76 77
